0,
10744998,
12345678,
195486665,
219218886,
234583023,
262435554,
264198803,
294323484,
331449082,
342421165,
352400930,
356387666,
414689007,
429255724,
431966822,
440268792,
440324675,
440325279,
440366451,
440388531,
440407058,
440422062,
440465451,
440547271,
440785363,
441141254,
441402702,
441425816,
441802795,
442044693,
442265957,
442362397,
442365565,
442548795,
442608342,
442762871,
442882133,
443284205,
443287703,
443306943,
443363840,
443380585,
443407527,
443408934,
443465805,
443506533,
443583493,
443667806,
443748011,
443807966,
444323679,
444381767,
444541444,
444722954,
444887311,
444982523,
445287894,
445484915,
445486961,
445563314,
445588382,
445709354,
446086508,
446303468,
446383069,
447307925,
447369113,
447626231,
447907117,
448449679,
448585034,
448664418,
448742598,
448804145,
448864770,
452649430,
454131556,
455361566,
457552831,
458509897,
460496693,
461665186,
462487318,
463758942,
464706009,
465352275,
490443952,
491627931,
494747148,
497285689,
500034518,
509422319,
510929025,
511289723,
512321640,
512426102,
513222708,
514340398,
521400777,
521520171,
525601975,
526604414,
542087974,
545170111,
546487655,
549403282,
550827493,
554386689,
567561476,
585420555,
730394335,
730677849,
730683149,
730772231,
730775127,
730991127,
731093767,
731120938,
731226341,
731229906,
731342791,
731441459,
731527866,
731577496,
731578342,
736005264,
736005421,
736006347,
736006375,
736006408,
736067538,
736094988,
751763939,
752937668,
880282630,
999999999
